SpecObjID	plate	tile	ra	dec	h_beta_flux	h_beta_flux_err	oiii_flux	oiii_flux_err
1.82E+18	1620	1145	175.76622	7.4335776	7.219068	3.743054	7.613372	7.104134
1.82E+18	1620	1145	175.67879	7.8523069	12.25893	1.693166	3.684973	1.862516
1.82E+18	1620	1145	176.37712	7.9071654	27.4712	2.539514	21.82725	8.479207
1.82E+18	1620	1145	176.28562	7.7761914	16.97784	3.611234	179.6649	4.123539
1.82E+18	1620	1145	176.74249	8.3480223	3.432187	1.776584	3.410917	3.653595
1.82E+18	1620	1145	175.88156	7.8486892	35.86947	2.420364	8.377139	2.124773
1.82E+18	1620	1145	175.78753	7.7823935	9.244453	3.61133	26.1335	5.018095
1.82E+18	1620	1145	175.54359	6.9396689	40.30857	2.716497	8.844132	2.552487
1.82E+18	1620	1145	176.08379	5.9487583	291.7708	4.812322	550.5086	7.051271
1.82E+18	1620	1145	176.86186	7.8480988	5.950209	1.618635	3.220959	3.455322
1.82E+18	1620	1145	175.35825	8.0379215	3.729743	2.53062	25.74635	5.654839
1.82E+18	1620	1145	175.97198	7.6918983	1.808377	2.034659	0.7302616	1.167613
1.82E+18	1620	1145	175.41705	6.5142021	15.62271	3.194569	49.40647	3.619687
1.82E+18	1620	1145	175.02099	8.602187	9.317353	4.340876	4.081504	1.624979
1.82E+18	1620	1145	174.92663	6.8271046	-1.149368	1.284035	5.605851	2.983855
1.82E+18	1620	1145	175.49223	6.166403	-0.62072	3.121222	5.127905	2.372629
1.82E+18	1620	1145	176.25676	6.3921579	1.238562	2.604262	4.360927	2.593511
1.82E+18	1620	1145	176.6461	7.7827065	8.923893	2.275008	5.514164	2.470891
1.82E+18	1620	1145	175.50985	7.8652599	15.74607	2.168573	3.10317	2.194044
1.82E+18	1620	1145	174.56426	6.5638724	-8.2581	4.224384	2.514806	1.753562
1.82E+18	1620	1145	175.70524	7.1269163	149.3524	5.090254	49.56337	5.981184
1.82E+18	1620	1145	176.7863	6.4253604	-0.5507967	1.616219	-2.859317	1.813357
1.82E+18	1620	1145	175.55282	6.4472143	-0.8917341	1.618285	7.51037	2.729706
1.82E+18	1620	1145	175.64259	7.8828002	8.742234	1.807022	1.632576	1.820634
1.82E+18	1620	1145	176.45942	7.8047237	4.980624	1.812417	3.537899	1.112862
1.82E+18	1620	1145	177.07148	7.8817707	0	0	0	0
1.82E+18	1620	1145	176.19228	8.5846492	93.5435	2.603666	53.05109	2.679103
1.82E+18	1620	1145	176.09917	8.5700939	82.72041	5.306732	39.16088	5.405776
1.82E+18	1620	1145	175.81575	7.1107329	35.3513	3.597798	79.95632	3.6493
1.82E+18	1620	1145	175.37369	8.1597137	2.553944	1.178655	5.492695	1.900263
1.82E+18	1620	1145	176.50718	8.3576079	10.53888	5.855785	9.846081	3.404856
1.82E+18	1620	1145	176.992	6.7586942	7.252624	3.690605	3.195086	3.107005
1.82E+18	1620	1145	176.40673	8.0150956	14.67406	1.723395	5.068268	2.353791
1.82E+18	1620	1145	175.442	6.9967214	0.07840943	5.36769	9.635379	5.496822
1.82E+18	1620	1145	174.38494	6.8465587	71.95	2.602949	22.53076	2.384973
1.82E+18	1620	1145	176.8087	7.86418	5.744156	2.940369	5.877137	4.882103
1.82E+18	1620	1145	175.10417	7.0280158	2.076992	1.951819	5.358898	2.755389
1.82E+18	1620	1145	175.2973	7.3858965	5.537878	3.366907	10.32442	6.360034
1.82E+18	1620	1145	175.52438	6.7945283	2.872303	1.90364	-1.698787	2.642512
1.82E+18	1620	1145	175.73341	7.7984459	17.18	2.051273	15.69254	2.514513
1.82E+18	1620	1145	174.95447	6.8516074	208.6939	4.151498	84.07383	3.774148
1.82E+18	1620	1145	176.92268	7.0031444	22.07902	2.671264	10.75366	3.196187
1.82E+18	1620	1145	176.55705	7.0746618	7.020255	2.274697	11.64008	3.447761
1.82E+18	1620	1145	176.03399	6.7757093	7.685578	2.014281	-0.1232933	1.769196
1.82E+18	1620	1145	174.77005	7.8398049	72.41383	3.076537	28.82857	3.294404
1.82E+18	1620	1145	175.91305	7.4327485	-0.3466712	5.715847	12.06613	5.934858
1.82E+18	1620	1145	174.30251	7.0322045	9.475812	2.008514	3.003417	1.698012
1.82E+18	1620	1145	176.68712	7.9459007	10.82851	4.242459	0.7708127	1.748395
1.82E+18	1620	1145	174.65705	6.7466207	-23.57423	5.631604	12.68806	8.345559
1.82E+18	1620	1145	175.59306	8.7698634	57.77688	8.202374	88.37313	9.391546
1.82E+18	1620	1145	175.26983	6.4976276	43.83751	2.416411	11.2109	2.40695
1.82E+18	1620	1145	175.39794	8.0422122	16.62519	6.450697	3.288142	2.384786
1.82E+18	1620	1145	175.464	6.6764155	37.65971	2.79857	19.99145	3.30966
1.82E+18	1620	1145	174.7102	6.4629033	0	0	0	0
1.82E+18	1620	1145	175.33643	7.0519998	42.76945	3.130802	13.74845	3.346258
1.82E+18	1620	1145	175.07438	6.0829267	19.93188	2.30464	3.160293	1.698134
1.82E+18	1620	1145	175.15195	6.9131735	-0.05454544	1.28475	1.722122	1.442145
1.82E+18	1620	1145	175.20318	7.9367906	7.901602	3.39493	3.340995	1.786877
1.82E+18	1620	1145	175.72595	7.8487733	0	0	0	0
1.82E+18	1620	1145	176.68078	8.139533	2.992975	2.06009	-285.1487	1152.348
1.82E+18	1620	1145	175.90246	7.7199682	252.7005	4.848271	49.55746	4.199923
1.82E+18	1620	1145	174.94089	7.4863681	21.33904	1.852361	11.96631	2.114088
1.82E+18	1620	1145	175.58455	6.91549	46.26429	5.490245	-10.08715	32.3334
1.82E+18	1620	1145	176.89191	7.9255633	-0.5085708	5.55794	2.040733	1.911386
1.82E+18	1620	1145	176.55091	7.7256214	17.00948	1.836459	6.629797	2.124012
1.82E+18	1620	1145	176.17305	7.2791062	35.83567	2.376786	17.34708	2.86929
1.82E+18	1620	1145	175.14277	8.2634546	46.43624	2.251902	63.34801	2.594293
1.82E+18	1620	1145	175.26693	7.6349667	48.42496	2.742391	13.34822	2.931111
1.82E+18	1620	1145	174.69052	7.0999383	13.76539	3.421755	17.85657	3.73822
1.82E+18	1620	1145	175.39623	7.4143158	36.69445	7.8783	16.20769	6.381384
1.82E+18	1620	1145	175.33241	7.4034146	-5.544831	2.736743	4.526127	1.921128
1.82E+18	1620	1145	175.45586	6.9443799	16.59236	1.962668	5.690111	2.331513
1.82E+18	1620	1145	175.05673	6.1936543	1.156627	1.579594	-1.390636	1.316224
1.82E+18	1620	1145	175.19534	6.6166027	91.33424	3.080563	65.00282	3.860603
1.82E+18	1620	1145	175.71676	8.3121483	18.20465	1.855903	6.516563	1.459381
1.82E+18	1620	1145	175.84479	7.5600011	-0.5255405	1.356098	-5.860014	4.450598
1.82E+18	1620	1145	176.83312	7.8786449	214.6537	4.815577	814.5755	9.639331
1.82E+18	1620	1145	175.57388	6.404536	12.64852	3.147814	15.1337	3.911204
1.82E+18	1620	1145	176.21393	7.2875513	21.28084	2.866538	4.964171	3.383599
1.82E+18	1620	1145	176.11987	6.4385907	-0.9070281	4.349405	5.947655	3.189894
1.82E+18	1620	1145	176.14911	8.5811018	2.461326	1.883684	5.631846	1.823754
1.82E+18	1620	1145	177.02862	7.3502121	15.49327	3.487975	21.92514	6.141744
1.82E+18	1620	1145	176.47937	6.7234845	50.87054	2.790778	7.343529	2.244763
1.82E+18	1620	1145	175.25874	7.6593655	24.98933	3.340956	7.629484	3.169444
1.82E+18	1620	1145	175.38677	7.201609	4.834099	3.179823	4.88516	4.543506
1.82E+18	1620	1145	175.45115	7.2351488	4.638013	3.278867	10.19638	2.87895
1.82E+18	1620	1145	174.2961	6.9188703	0	0	0	0
1.82E+18	1620	1145	174.60289	6.4004865	117.5064	3.350107	52.60626	3.334154
1.82E+18	1620	1145	175.17677	7.0962436	0	0	0	0
1.82E+18	1620	1145	174.37093	7.1336178	-13.02191	6.70108	20.03558	10.41788
1.82E+18	1620	1145	175.1232	7.2549146	1.164597	1.44767	2.708434	1.407481
1.82E+18	1620	1145	175.31536	7.0383741	-14.29386	6.504488	-1.27949	3.165939
1.82E+18	1620	1145	174.73576	7.0812868	2.374145	3.155923	4.762345	2.250645
1.82E+18	1620	1145	175.75257	7.4668794	8.051785	3.672091	26.01602	4.984728
1.82E+18	1620	1145	175.6728	8.2855342	17.12405	3.949836	9.362683	3.200807
1.82E+18	1620	1145	175.61278	7.1023908	0	0	0	0
1.82E+18	1620	1145	177.13647	7.1053932	32.06795	2.545962	12.0558	2.84995
1.82E+18	1620	1145	176.35018	7.7279077	5.966596	1.575871	12.04658	2.817437
1.82E+18	1620	1145	175.22453	6.178987	4.257496	2.186714	-0.8786947	2.173211
1.82E+18	1620	1145	175.9625	7.7817788	19.58939	2.016278	3.875211	2.669165
1.82E+18	1620	1145	176.96451	7.152677	14.63514	2.527951	5.961975	1.916797
1.82E+18	1620	1145	176.06511	7.1087601	6.957068	2.629751	14.31157	3.416059
1.82E+18	1620	1145	175.41171	6.9781961	38.58835	2.104202	4.995348	2.028425
1.82E+18	1620	1145	175.35518	7.2376835	12.84097	2.072535	2.177372	1.499056
1.82E+18	1620	1145	176.2639	6.660874	10.2714	1.925035	2.971094	1.668016
1.82E+18	1620	1145	177.15255	7.2994288	17.22309	3.97388	21.68916	5.539301
1.82E+18	1620	1145	175.47995	6.8069457	17.45607	2.101401	11.94445	1.732841
1.82E+18	1620	1145	176.23161	6.9266561	-1.404612	2.034778	-2.048002	2.799948
1.82E+18	1620	1145	176.71295	6.8981374	25.86013	2.519097	17.84014	3.935603
1.82E+18	1620	1145	176.59507	7.5484515	23.12453	2.395656	10.41239	3.500883
1.82E+18	1620	1145	175.6217	8.1296459	13.30803	3.233838	23.94203	4.360345
1.82E+18	1620	1145	175.01003	6.2340474	67.97675	2.689055	19.65797	3.452661
1.82E+18	1620	1145	175.74619	8.6269481	36.03768	3.25932	194.8038	5.535965
1.82E+18	1620	1145	176.05808	7.4197116	-0.5463095	2.234734	-3.090498	1.896433
1.82E+18	1620	1145	174.96613	7.410627	-1.363008	2.030217	4.578307	2.349517
1.82E+18	1620	1145	175.59788	8.2378578	18.03589	2.359595	7.247226	2.562236
1.82E+18	1620	1145	175.27525	6.5338654	44.86979	2.219979	8.48485	2.615651
1.82E+18	1620	1145	175.20986	8.1779275	-11.51616	4.872017	0.01878919	2.783746
1.82E+18	1620	1145	176.94162	7.7346815	104.9147	2.902876	72.65178	3.093318
1.82E+18	1620	1145	176.57168	6.3284741	54.4012	3.797446	460.7689	7.104037
1.82E+18	1620	1145	175.34396	8.5567839	96.98363	2.930582	68.00021	3.062267
1.82E+18	1620	1145	176.04152	7.4127747	41.16384	2.493564	11.8818	3.246208
1.82E+18	1620	1145	174.81568	7.1886147	3.979036	2.384547	12.36277	2.443506
1.82E+18	1620	1145	175.20529	8.2960966	115.8676	4.359156	489.1874	6.906952
1.82E+18	1620	1145	175.16007	8.1034154	9.602196	3.485511	3.737337	1.59318
1.82E+18	1620	1145	176.53096	7.4943886	8.450451	3.284929	14.66499	3.8943
1.82E+18	1620	1145	175.61843	8.0884732	1.512333	1.279743	1.136256	1.098914
1.82E+18	1620	1145	175.40284	8.0185925	1.759075	1.690486	0.935308	1.891093
1.82E+18	1620	1145	174.97052	6.2977933	5.092981	3.437889	0.8169953	1.158396
1.82E+18	1620	1145	175.47271	8.7436265	12.27083	3.04302	8.515482	2.61847
1.82E+18	1620	1145	175.70886	6.781086	12.13865	1.834347	1.738416	1.768566
1.82E+18	1620	1145	176.78904	7.1345828	109.2654	3.422486	46.90786	3.63077
1.82E+18	1620	1145	175.55904	6.9966728	15.49621	3.897697	28.47936	5.442822
1.82E+18	1620	1145	177.10012	6.9793441	9.514335	3.16167	5.76698	2.834078
1.82E+18	1620	1145	176.19576	7.0779722	2.674279	1.511328	2.788696	1.756696
1.82E+18	1620	1145	176.10823	7.7037673	42.86946	2.355089	14.23514	3.122565
1.82E+18	1620	1145	175.82295	7.5375514	0.9999682	2.030979	1.460631	5.280963
1.82E+18	1620	1145	176.14156	6.3689522	0.0377332	1.790697	6.432137	1.938234
1.82E+18	1620	1145	176.42096	8.0963746	4.012119	1.356823	0.365661	1.794584
1.82E+18	1620	1145	175.44373	7.1399832	0.2109093	2.117402	4.862877	2.453093
1.82E+18	1620	1145	175.10722	8.7104518	9.308555	1.59734	5.238162	2.31041
1.82E+18	1620	1145	175.6444	7.7630373	4.025548	1.656362	2.375324	1.36381
1.82E+18	1620	1145	177.00702	6.9842518	26.7121	2.523742	6.59317	1.805902
1.82E+18	1620	1145	174.40039	7.1002091	12.9565	3.874895	9.456355	3.272786
1.82E+18	1620	1145	176.82022	6.5707131	16.54062	2.123436	0.8857411	2.045282
1.82E+18	1620	1145	175.30187	6.5035311	0	0	0	0
1.82E+18	1620	1145	175.52973	6.7749212	30.89607	2.023555	3.577008	1.85978
1.82E+18	1620	1145	175.17199	6.956164	14.3016	3.448314	4.095497	4.542311
1.82E+18	1620	1145	175.37966	8.3571771	7.548698	4.589621	14.1804	6.687997
1.82E+18	1620	1145	174.55855	7.2558245	10.55125	3.478955	4.562087	3.007994
1.82E+18	1620	1145	175.70028	6.5552574	-0.1144558	3.44326	5.222043	2.337596
1.82E+18	1620	1145	176.78583	7.9375057	46.95224	2.488437	19.57178	2.381355
1.82E+18	1620	1145	175.55224	7.9895382	8.901253	3.32783	2.542863	2.283433
1.82E+18	1620	1145	175.64199	8.1428342	110.8702	2.861617	41.29359	2.772307
1.82E+18	1620	1145	176.43556	8.6017461	71.87569	7.358223	-6.161111	7.394552
1.82E+18	1620	1145	176.00442	8.0904488	12.44424	3.722144	6.68816	4.888181
1.82E+18	1620	1145	176.17905	7.9212211	2.444317	3.608835	7.95135	2.699784
1.82E+18	1620	1145	176.09836	7.0011189	6.396883	2.175302	3.556957	2.815053
1.82E+18	1620	1145	176.88676	6.7049554	-1.287761	1.181304	8.143898	3.683244
1.82E+18	1620	1145	176.50473	7.8997271	0.08746849	1.176221	6.218871	2.259639
1.82E+18	1620	1145	176.97885	6.8515476	52.23542	3.050611	20.45568	4.511125
1.82E+18	1620	1145	176.39917	6.6928174	76.8545	2.65137	27.59749	2.980283
1.82E+18	1620	1145	175.43602	6.6031641	0.3003408	2.436682	0.2266629	1.970676
1.82E+18	1620	1145	176.80779	7.9076579	77.09027	2.548459	19.52348	2.590608
1.82E+18	1620	1145	175.09761	8.0748452	37.83895	2.024766	8.392356	1.872815
1.82E+18	1620	1145	176.67365	6.7837838	15.69136	2.015186	13.42294	1.821627
1.82E+18	1620	1145	175.52298	6.2762045	5.622693	3.250418	-1.187979	1.484662
1.82E+18	1620	1145	175.37114	7.4246028	-0.1348204	1.671216	2.509514	2.106467
1.82E+18	1620	1145	175.75794	8.2309519	13.60112	1.785938	17.74957	3.034168
1.82E+18	1620	1145	175.85718	7.4671194	3.01761	1.661017	12.91299	2.3595
1.82E+18	1620	1145	175.96979	7.7432489	77.31488	2.466634	166.2634	265.0036
1.82E+18	1620	1145	176.85435	7.3673923	21.45199	1.987077	8.355864	2.599285
1.82E+18	1620	1145	176.23859	7.5550487	2.72511	2.622125	5.695658	5.156588
1.82E+18	1620	1145	176.60089	7.0991993	15.42767	2.039619	4.582378	2.247697
1.82E+18	1620	1145	175.62295	8.4943865	60.00708	2.516645	17.55949	2.664101
1.82E+18	1620	1145	176.35525	7.1954814	85.08527	2.896512	28.71204	3.094875
1.82E+18	1620	1145	175.23543	6.827288	155.0182	3.731611	57.91588	3.470609
1.82E+18	1620	1145	176.07268	6.8961026	2.905194	2.936749	-1.592916	4.938636
1.82E+18	1620	1145	175.41456	6.3518757	63.2377	2.342922	69.76431	2.660541
1.82E+18	1620	1145	175.35736	7.9952376	-3.463844	5.851834	4.445601	2.921502
1.82E+18	1620	1145	176.26778	7.5381591	9.628466	5.253379	4.817572	2.30182
1.82E+18	1620	1145	174.83905	6.4157087	33.87363	2.164368	4.708633	1.671559
1.82E+18	1620	1145	174.87874	8.5885226	6.240696	2.655743	13.75184	3.812187
1.82E+18	1620	1145	175.01603	7.4903019	50.28372	2.496166	17.73736	3.108719
1.82E+18	1620	1145	174.89344	8.3383798	62.02979	4.159248	125.6392	5.064045
1.82E+18	1620	1145	175.49015	7.8461704	2.751097	3.867268	4.311212	2.327768
1.82E+18	1620	1145	176.7265	6.4342137	0	0	0	0
1.82E+18	1620	1145	175.5053	7.7346921	3.887504	3.645087	10.97322	4.750846
1.82E+18	1620	1145	175.74838	7.4190431	-0.7806213	1.332326	8.16826	5.068205
1.82E+18	1620	1145	176.26167	7.7437975	0	0	0	0
1.82E+18	1620	1145	176.71001	7.255096	6.767688	2.694578	0.8800275	2.305776
1.82E+18	1620	1145	175.6674	7.9348143	65.56375	2.451206	14.91979	2.312784
1.82E+18	1620	1145	175.60511	6.2901981	60.83278	2.371155	108.3873	3.225973
1.82E+18	1620	1145	175.21765	8.5700281	25.43511	1.88776	9.512999	2.097565
1.82E+18	1620	1145	175.9532	7.8293019	68.82681	2.689673	16.97936	2.835518
1.82E+18	1620	1145	176.96059	6.889594	6.906799	1.979411	1.790655	1.709802
1.82E+18	1620	1145	176.06224	7.4836112	6.481183	1.630735	11.97785	3.430474
1.82E+18	1620	1145	175.40487	6.7835725	30.67344	2.318694	9.990214	1.988014
1.82E+18	1620	1145	175.35262	7.0751913	2.402515	1.714256	3.916573	1.490977
1.82E+18	1620	1145	174.8344	8.3279445	51.73494	2.630505	25.07041	2.893907
1.82E+18	1620	1145	175.47695	6.5860137	185.9371	5.001079	291.2432	5.944702
1.82E+18	1620	1145	176.21907	7.7018378	76.80135	2.501207	45.49011	2.630167
1.82E+18	1620	1145	176.58966	6.8128449	33.4765	7.855952	4.99401	2.192829
1.82E+18	1620	1145	175.62066	8.1040005	43.0828	2.385228	11.81343	2.686927
1.82E+18	1620	1145	175.28632	7.9386669	-0.9066765	1.61808	1.083989	2.298157
1.82E+18	1620	1145	174.98275	6.2065116	63.5054	2.986379	13.56075	2.766734
1.82E+18	1620	1145	175.73114	6.4596167	42.47079	2.657669	6.082355	1.742773
1.82E+18	1620	1145	174.69455	7.425761	1.54373	3.070172	17.40699	5.053324
1.82E+18	1620	1145	176.55413	8.4188995	-0.1693719	2.746729	2.740662	1.642055
1.82E+18	1620	1145	175.90447	7.488808	2.233531	1.7323	6.508313	2.74445
1.82E+18	1620	1145	174.94372	6.1666173	6.157214	3.019328	18.44912	4.233107
1.82E+18	1620	1145	176.89673	6.5158576	66.39092	9.548515	20.93868	8.057698
1.82E+18	1620	1145	175.33362	8.2001122	16.78633	1.810309	8.404099	2.466145
1.82E+18	1620	1145	176.02001	7.2015057	333.5354	5.890783	91.64754	4.208918
1.82E+18	1620	1145	174.76521	7.6431713	47.84304	2.70578	11.21296	2.962661
1.82E+18	1620	1145	175.05875	7.4207696	8.250658	3.31097	10.35349	2.664425
1.82E+18	1620	1145	175.14304	7.2845107	67.76074	2.929933	62.47081	3.520761
1.82E+18	1620	1145	176.68497	8.0222804	3.640557	1.614632	10.00544	2.421974
1.82E+18	1620	1145	174.63891	6.6093771	15.51926	3.368968	18.5967	4.229649
1.82E+18	1620	1145	175.59144	8.1073424	36.00696	4.262566	56.35186	5.374636
1.82E+18	1620	1145	175.26751	7.8257522	29.42497	2.448461	11.81338	2.721375
1.82E+18	1620	1145	175.19829	7.5161975	1080.375	12.84591	580.2208	9.686357
1.82E+18	1620	1145	174.52386	7.1687202	54.26618	2.634446	41.92878	2.786404
1.82E+18	1620	1145	175.76817	8.357843	17.37916	2.922091	13.64054	4.239717
1.82E+18	1620	1145	175.68302	8.1622704	3.297718	2.973576	12.69917	4.452037
1.82E+18	1620	1145	176.42329	6.7175421	6.328354	2.01406	16.41339	3.305674
1.82E+18	1620	1145	176.8644	7.5531984	0.2329527	1.565106	-0.3536503	2.2418
1.82E+18	1620	1145	176.30757	7.2307944	6.837413	4.826505	1.560821	6.404955
1.82E+18	1620	1145	175.97861	6.2506087	2.694801	2.202934	0.5693774	1.866771
1.82E+18	1620	1145	176.66752	7.9926892	8.380701	3.267824	28.26575	4.523147
1.82E+18	1620	1145	176.74982	7.0688393	0	0	0	0
1.82E+18	1620	1145	175.5441	8.46648	5.135837	3.119194	9.275186	4.347638
1.82E+18	1620	1145	176.08606	7.2196334	18.38089	2.258163	5.78689	2.532018
1.82E+18	1620	1145	175.36439	6.7747053	4.379978	2.125092	9.362097	2.132756
1.82E+18	1620	1145	175.7923	7.3941827	55.54477	3.143888	98.31005	3.789176
1.82E+18	1620	1145	175.4289	6.6776758	29.24504	2.64626	9.948857	3.850944
1.82E+18	1620	1145	175.49368	7.1320367	107.7839	3.359762	21.05757	3.321462
1.82E+18	1620	1145	175.51413	7.0000734	23.80142	2.775076	16.76278	4.390367
1.82E+18	1620	1145	175.63323	8.1667991	4.949294	4.183464	3.99551	1.943632
1.82E+18	1620	1145	175.74064	8.0331767	321.1033	7.163146	340.7231	6.016119
1.82E+18	1620	1145	174.96476	8.389405	7.852902	3.131512	16.6913	5.369734
1.82E+18	1620	1145	175.59553	7.235379	10.01408	4.017637	3.092547	7.338475
1.82E+18	1620	1145	174.43588	6.5954015	29.19334	3.439159	210.6064	4.976679
1.82E+18	1620	1145	175.27055	8.4585125	18.87539	3.30038	12.65592	3.646971
1.82E+18	1620	1145	176.92934	7.6544371	46.92769	2.116807	25.80232	2.316675
1.82E+18	1620	1145	176.57017	7.367051	-0.03203444	1.11541	-3.356265	2.122465
1.82E+18	1620	1145	175.40131	6.7423835	20.61153	6.583448	3.761246	3.30231
1.82E+18	1620	1145	175.34378	7.1348809	5.546419	6.356611	-2.806909	2.184762
1.82E+18	1620	1145	176.03585	7.521737	18.30127	8.856072	-1.274894	2.809639
1.82E+18	1620	1145	174.96937	8.3254204	378.4133	5.322684	2009.522	18.00731
1.82E+18	1620	1145	175.20416	8.392577	-2.28374	3.330307	-0.3149978	1.423676
1.82E+18	1620	1145	175.15772	7.6017214	9.803472	3.553807	12.44959	3.545773
1.82E+18	1620	1145	176.69332	6.9005999	40.19425	2.205175	23.54102	2.906775
1.82E+18	1620	1145	176.52883	8.3719971	11.36617	2.770319	19.04742	4.299933
1.82E+18	1620	1145	174.71729	7.3573935	77.64406	3.910361	113.2947	6.166532
1.82E+18	1620	1145	175.46986	8.468005	14.06302	2.806035	14.7691	3.12972
1.82E+18	1620	1145	174.55749	6.4193387	29.53886	5.372378	42.79101	7.733886
1.82E+18	1620	1145	175.69829	8.2147777	13.63117	4.296402	20.25338	8.105558
1.82E+18	1620	1145	176.43383	7.9028662	15.97621	3.826431	25.78602	5.336393
1.82E+18	1620	1145	176.88214	6.9231929	8.128442	2.528972	15.0209	6.113665
1.82E+18	1620	1145	176.32881	6.6379622	1.348138	3.639345	-1.789357	2.220163
1.82E+18	1620	1145	176.39043	7.3338411	11.88174	1.765483	9.751086	2.172495
1.82E+18	1620	1145	175.49622	7.0578429	35.37809	2.177047	3.008339	2.308162
1.82E+18	1620	1145	176.7756	7.6982289	1.460945	1.520209	6.312613	1.662802
1.82E+18	1620	1145	176.09505	8.3875392	239.0099	6.841157	419.2529	8.533628
1.82E+18	1620	1145	176.802	7.8865191	11.04557	3.063685	12.44646	4.646671
1.82E+18	1620	1145	176.66943	7.7600921	0	0	0	0
1.82E+18	1620	1145	175.54799	8.1743412	7.221305	2.527834	21.18258	4.2405
1.82E+18	1620	1145	175.63903	8.5103679	31.3375	3.759361	15.34671	4.453168
1.82E+18	1620	1145	175.37108	8.2606615	-0.7705826	1.479299	2.721511	1.983353
1.82E+18	1620	1145	174.50118	7.0016193	165.0205	3.848744	438.7202	5.869593
1.82E+18	1620	1145	175.51955	8.32095	80.1833	3.730225	30.70528	5.123168
1.82E+18	1620	1145	175.74947	6.8406689	34.75943	2.4537	10.14279	2.505765
1.82E+18	1620	1145	175.67086	7.3729448	29.97636	2.097643	8.292004	2.181517
1.82E+18	1620	1145	175.6074	7.7827159	14.40035	1.755185	7.553456	2.045841
1.82E+18	1620	1145	175.95603	7.5385084	17.15093	2.28897	3.390105	1.566048
1.82E+18	1620	1145	177.1098	7.010262	440.9681	7.274131	257.0782	5.478409
1.82E+18	1620	1145	175.62097	6.5298233	28.62599	2.760195	4.794062	1.876329
1.82E+18	1620	1145	176.22125	6.513979	0	0	0	0
1.82E+18	1620	1145	176.34547	8.3398844	19.4364	3.741433	21.7446	4.044549
1.82E+18	1620	1145	176.96299	6.9644637	6.59616	5.412286	9.042466	4.996325
1.82E+18	1620	1145	176.06475	6.6807402	8.286572	3.375868	3.065988	2.940019
1.82E+18	1620	1145	176.58838	6.5906356	17.47692	2.182066	6.403907	2.256153
1.82E+18	1620	1145	174.83747	6.5241321	59.15379	7.552505	-4.413346	2.900991
1.82E+18	1620	1145	174.85453	6.5493696	0.6381499	1.365865	7.835792	2.696761
1.82E+18	1620	1145	175.22307	6.6656371	1.48695	1.984279	-2.537399	2.713824
1.82E+18	1620	1145	175.40564	7.0699293	14.28104	2.777469	3.813922	2.274116
1.82E+18	1620	1145	175.35493	7.3250555	50.16936	2.37911	21.56729	2.420848
1.82E+18	1620	1145	176.26282	8.4662486	58.66931	2.231175	7.3746	1.531529
1.82E+18	1620	1145	176.05021	7.2523405	22.90277	2.071861	7.586467	2.159826
1.82E+18	1620	1145	175.00891	6.7856925	17.94373	4.731354	30.33372	6.166707
1.82E+18	1620	1145	176.59458	7.4349202	8.610012	2.256478	9.451227	2.451294
1.82E+18	1620	1145	175.47735	8.1319347	202.6616	12.47714	-53.6498	8.545594
1.82E+18	1620	1145	175.71744	8.3291592	0.9975061	1.99307	6.656199	3.287081
1.82E+18	1620	1145	176.13113	7.6097416	18.75533	2.327919	199.2973	4.362729
1.82E+18	1620	1145	174.92704	6.1557584	-0.03977571	1.997661	2.401481	2.032745
1.82E+18	1620	1145	175.57456	7.0646909	19.78113	2.209197	12.40073	1.85116
1.82E+18	1620	1145	175.26219	8.4436317	-1.657488	1.69863	7.420843	2.711115
1.82E+18	1620	1145	175.84747	7.6674758	29.52638	2.25749	8.566199	2.672235
1.82E+18	1620	1145	175.39048	6.677379	1.472502	1.679538	5.575109	1.866085
1.82E+18	1620	1145	176.16018	7.2387401	73.6273	2.784899	15.37625	2.899967
1.82E+18	1620	1145	177.05439	7.1063699	6.008573	3.83925	5.189305	7.409405
1.82E+18	1620	1145	176.48189	6.3250603	-0.7017652	1.298823	8.047543	3.091178
1.82E+18	1620	1145	174.62122	6.2898142	27.29456	2.017895	11.55615	2.571699
1.82E+18	1620	1145	175.17903	8.3163984	-0.7269056	2.207621	8.671109	3.202224
1.82E+18	1620	1145	174.37437	6.9405338	11.26736	5.039187	17.78024	3.13816
1.82E+18	1620	1145	175.12853	8.3906097	23.47212	2.170692	8.919094	2.439251
1.82E+18	1620	1145	175.31719	6.6153398	-1.212332	2.703458	19.39959	7.962882
1.82E+18	1620	1145	174.75454	7.1457667	48.3197	2.703582	22.94179	2.690279
1.82E+18	1620	1145	175.45226	8.2566926	4.908329	6.5795	1.629089	3.319978
1.82E+18	1620	1145	174.51104	7.0758107	25.47609	3.46725	3.167711	2.173466
1.82E+18	1620	1145	175.76779	6.2393052	6.495182	2.860569	9.978243	3.650421
1.82E+18	1620	1145	176.37738	8.4697524	-1.965225	1.852005	0.882167	1.983465
1.82E+18	1620	1145	176.08464	8.441008	0	0	0	0
1.82E+18	1620	1145	176.86229	8.0050002	50.17761	2.979604	27.7823	3.683319
1.82E+18	1620	1145	176.30749	8.1846064	36.41693	1.959631	10.67101	2.207883
1.82E+18	1620	1145	175.97765	7.9256836	125.1247	7.657702	124.3809	9.726104
1.82E+18	1620	1145	175.78951	6.4325802	18.61121	3.099491	7.565458	3.490618
1.82E+18	1620	1145	175.02718	8.5559329	7.720752	2.478327	6.624481	2.783127
1.82E+18	1620	1145	176.66749	6.4167313	3.109914	1.439569	4.979471	3.015634
1.82E+18	1620	1145	176.74728	7.2774093	15.64227	3.323161	18.50462	4.188359
1.82E+18	1620	1145	175.8827	7.4081498	2.108488	1.790925	2.401679	3.004183
1.82E+18	1620	1145	175.54369	7.7090754	2.73465	2.596285	11.53541	4.451634
1.82E+18	1620	1145	175.36235	6.4717471	16.27184	2.526456	114.4829	3.854127
1.82E+18	1620	1145	175.6314	8.206573	97.98447	3.123001	22.81039	3.238672
1.82E+18	1620	1145	175.49356	8.5036102	-1.23386	5.2448	9.953734	2.847097
1.82E+18	1620	1145	175.42075	8.3998438	42.34542	2.241228	10.11592	2.602755
1.82E+18	1620	1145	175.73396	8.3151984	0.6733729	1.660783	-7.320067	5.278868
1.82E+18	1620	1145	176.03492	7.7369876	4.164819	2.373717	4.732307	1.696132
1.82E+18	1620	1145	175.92416	7.4871292	0.3280365	1.735904	2.537769	1.385638
1.82E+18	1620	1145	174.96195	6.6265031	100.9318	2.896415	100.39	3.333453
1.82E+18	1620	1145	175.27035	5.9346865	6.598208	2.286737	3.25048	1.672441
1.82E+18	1620	1145	176.92287	7.0280488	11.11147	3.671645	12.57497	6.186565
1.82E+18	1620	1145	174.71044	7.4295069	61.29733	5.343013	41.62617	6.630982
1.82E+18	1620	1145	176.56352	7.9876253	18.07865	1.6263	3.868279	1.272911
1.82E+18	1620	1145	175.39901	6.4772665	0	0	0	0
1.82E+18	1620	1145	175.34051	8.2199645	18.92125	2.180097	3.795036	1.66213
1.82E+18	1620	1145	175.07576	6.5797713	3.913091	2.503635	11.39493	3.381892
1.82E+18	1620	1145	175.20355	8.4745372	156.8354	3.921479	32.84956	3.235345
1.82E+18	1620	1145	175.46602	6.6559057	-0.7283407	1.645618	3.030362	1.022817
1.82E+18	1620	1145	174.30315	6.9641661	0	0	0	0
1.82E+18	1620	1145	175.15327	7.9402606	6.981126	2.071429	6.38956	1.895027
1.82E+18	1620	1145	176.69163	6.5418931	4.9827	2.240896	3.990232	5.112659
1.82E+18	1620	1145	174.65875	7.8797289	-2.698821	2.424923	-1.129054	1.315495
1.82E+18	1620	1145	174.77426	7.3826492	14.65018	4.448684	15.33088	3.886541
1.82E+18	1620	1145	175.59427	8.1707705	4.392879	6.900526	5.659836	2.384261
1.82E+18	1620	1145	175.75558	8.4388711	-0.09125642	2.966426	17.8238	11.98463
1.82E+18	1620	1145	175.85361	7.5878952	-0.310622	1.438779	-3.511823	1.490526
1.82E+18	1620	1145	176.06945	7.6982579	4.938202	3.15072	1.855543	1.662206
1.82E+18	1620	1145	176.7262	8.097616	9.117411	3.661019	7.444075	3.330523
1.82E+18	1620	1145	176.59636	8.0865549	-1.077671	2.139055	1.784834	1.675379
1.82E+18	1620	1145	175.62214	8.3188031	18.31026	7.601532	5.940156	6.472922
1.82E+18	1620	1145	175.232	6.5186176	6.108959	5.459187	13.92119	3.56101
1.82E+18	1620	1145	175.96776	6.2375853	-1.590033	6.079258	18.01755	4.308663
1.82E+18	1620	1145	176.84723	7.6815453	0	0	0	0
1.82E+18	1620	1145	176.26738	6.5737141	56.06905	3.361812	14.67765	3.126638
1.82E+18	1620	1145	174.83826	7.7196272	0	0	0	0
1.82E+18	1620	1145	177.15301	7.103607	15.56128	4.892649	10.19228	5.935525
1.82E+18	1620	1145	176.23617	8.1887802	2.61475	1.391853	0.1699132	1.563711
1.82E+18	1620	1145	175.49902	6.4506509	5.715452	2.489975	16.71587	3.163846
1.82E+18	1620	1145	175.35588	7.934035	1.67915	1.767681	4.028109	1.873035
1.82E+18	1620	1145	174.85916	6.1738618	150.1002	4.218725	236.6754	5.506213
1.82E+18	1620	1145	175.01183	6.8892565	1.725176	1.99431	-3.292011	2.106009
1.82E+18	1620	1145	175.48867	8.1047041	29.61288	2.317272	11.66091	2.648268
1.82E+18	1620	1145	175.7104	6.3546262	5.528959	2.503091	4.049222	2.1384
1.82E+18	1620	1145	176.14643	6.4273917	0.4554085	1.838157	-0.04676898	1.814501
1.82E+18	1620	1145	176.47297	6.9372091	-0.3362547	1.599575	2.801239	1.750961
1.82E+18	1620	1145	175.17468	8.7183125	71.46511	2.847685	44.01115	3.432486
1.82E+18	1620	1145	174.36838	7.7118135	8.937215	2.989646	5.496697	2.226107
1.82E+18	1620	1145	175.11303	7.4231859	53.15286	3.1715	51.03503	3.709293
1.82E+18	1620	1145	176.82936	6.4708135	-1.678884	0.9557722	4.731722	3.77442
1.82E+18	1620	1145	174.72659	6.4327355	-2.070867	3.623428	11.88041	6.082173
1.82E+18	1620	1145	175.57372	8.6297357	-1.994437	1.228757	-0.5628796	1.168523
1.82E+18	1620	1145	175.25669	8.5138439	38.15705	2.324841	4.15883	2.023105
1.82E+18	1620	1145	176.21158	7.4218212	26.32696	2.664692	24.95203	3.153064
1.82E+18	1620	1145	176.11616	7.3784927	8.610845	2.672293	18.81499	4.39096
1.82E+18	1620	1145	175.38632	7.601049	-1.635098	5.060628	-0.6909688	8.323586
1.82E+18	1620	1145	177.01768	7.0489808	0	0	0	0
1.82E+18	1620	1145	175.45102	8.7582801	47.39259	2.840668	17.42788	3.194994
1.82E+18	1620	1145	174.27525	7.0788297	0	0	0	0
1.82E+18	1620	1145	174.59947	6.9736871	14.94578	6.528542	5.353745	3.379766
1.82E+18	1620	1145	175.31228	8.6210659	6.366602	2.186445	11.30426	2.926964
1.82E+18	1620	1145	175.76263	8.391351	29.6855	1.892555	13.88211	2.164685
1.82E+18	1620	1145	175.86846	7.4792158	15.92976	4.075756	10.56441	4.122776
1.82E+18	1620	1145	176.01558	7.6618822	105.8137	2.708228	192.1348	3.582506
1.82E+18	1620	1145	176.07783	7.8402371	6.493681	2.88184	14.17216	4.146202
1.82E+18	1620	1145	176.8601	7.04886	12.66757	5.849178	6.884505	4.298545
1.82E+18	1620	1145	176.26815	6.7638574	12.42647	4.432831	24.70663	5.926307
1.82E+18	1620	1145	175.77587	8.0624108	64.62543	2.754437	15.26428	2.988552
1.82E+18	1620	1145	176.24304	7.6323996	1.548039	3.911222	2.170913	1.565309
1.82E+18	1620	1145	176.73398	6.8777139	12.40139	3.719342	-1.960343	1.814971
1.82E+18	1620	1145	176.60915	8.3221857	-87.49217	7.3021	-11.46095	12.09546
1.82E+18	1620	1145	175.67458	7.5861259	-13.13598	4.681346	1.9021	1.596964
1.82E+18	1620	1145	175.62629	7.1877008	-0.02742192	2.070885	-0.06345782	2.236238
1.82E+18	1620	1145	176.36582	7.0561446	-2.153534	4.690128	-0.1074094	2.532543
1.82E+18	1620	1145	175.24823	6.4973342	193.3086	3.871738	60.0544	3.189255
1.82E+18	1620	1145	175.35753	7.1145613	425.5558	6.738306	128.9733	4.107672
1.82E+18	1620	1145	174.87981	7.7631338	137.3901	4.365757	34.22308	5.077786
1.82E+18	1620	1145	174.91775	8.4995654	3.528241	1.476492	1.885808	1.02871
1.82E+18	1620	1145	175.49196	7.4740824	12.32322	2.79299	61.83341	3.710048
1.82E+18	1620	1145	175.50907	6.9483861	2.88315	1.717426	8.156157	5.025991
1.82E+18	1620	1145	175.41465	8.332725	-0.3180187	1.576178	6.67247	2.746372
1.82E+18	1620	1145	175.41572	8.4789048	-2.511837	1.899368	-0.6828244	1.594083
1.82E+18	1620	1145	175.01749	6.3096274	0	0	0	0
1.82E+18	1620	1145	174.53047	7.296553	4.733885	2.363036	7.576392	2.62629
1.82E+18	1620	1145	176.76051	7.566291	38.35941	3.639349	35.98191	4.209388
1.82E+18	1620	1145	176.42381	6.4051132	2.392926	2.259777	10.8456	3.922058
1.82E+18	1620	1145	176.09033	6.3192195	14.13359	4.18415	-0.872105	1.763132
1.82E+18	1620	1145	176.87366	7.5109784	4.881451	2.382527	1.670914	1.858338
1.82E+18	1620	1145	176.31581	6.4348438	3.820911	1.769458	1.675969	1.838387
1.82E+18	1620	1145	174.44805	6.7849941	9.861433	7.116949	8.732449	2.800679
1.82E+18	1620	1145	175.98183	7.4581921	620.109	7.991474	2270.187	20.99211
1.82E+18	1620	1145	175.79399	7.8096555	3.372394	1.595998	2.184371	1.660173
1.82E+18	1620	1145	175.49374	6.2253335	91.51298	3.062248	43.20082	3.279219
1.82E+18	1620	1145	176.66851	7.8388908	-1.264269	4.779232	5.399016	1.66731
1.82E+18	1620	1145	175.51717	7.0841329	1.15318	1.687387	2.689267	1.830294
1.82E+18	1620	1145	175.68411	7.6951057	29.60532	1.833553	5.336918	1.516266
1.82E+18	1620	1145	175.6362	8.2389055	3.147444	3.653049	0.3497501	1.838702
1.82E+18	1620	1145	175.36446	6.1807362	28.35718	3.101988	14.01048	4.50317
1.82E+18	1620	1145	175.43445	7.1038709	2.535173	1.704513	4.369147	2.587377
1.82E+18	1620	1145	175.54515	7.6585137	16.3979	6.133195	2.227556	3.911062
1.82E+18	1620	1145	175.74734	8.3413458	200.5907	3.742353	95.15689	3.387856
1.82E+18	1620	1145	175.66152	7.5645974	48.19532	2.652741	17.38748	3.142936
1.82E+18	1620	1145	175.61985	7.9526398	365.5224	4.874213	1506.994	13.95845
1.82E+18	1620	1145	175.94777	7.751149	1.236847	1.609026	1.631397	1.426656
1.82E+18	1620	1145	176.04759	8.023304	-0.2576117	2.256138	-0.5381988	1.936223
1.82E+18	1620	1145	176.21569	7.9391622	4.079534	3.062891	7.977972	4.7306
1.82E+18	1620	1145	175.60037	7.3190373	81.65076	2.822234	16.34694	2.649443
1.82E+18	1620	1145	175.28043	7.9559639	56.45561	2.754428	10.1219	2.570261
1.82E+18	1620	1145	176.94324	7.0072641	3.285881	3.775508	4.128292	2.175593
1.82E+18	1620	1145	176.5778	6.2693355	3.655173	7.877068	-3.973567	1.838958
1.82E+18	1620	1145	174.85086	6.39829	68.60278	2.949008	96.37853	3.581175
1.82E+18	1620	1145	176.6991	7.1463508	4.570692	1.778188	7.106343	2.377113
1.82E+18	1620	1145	176.53974	7.898071	0.6737131	4.425465	0.9326173	1.577795
1.82E+18	1620	1145	175.21039	6.8840218	-5.060168	3.441027	5.308931	2.044873
1.82E+18	1620	1145	176.06137	6.8572813	87.87502	3.460759	27.82086	4.037326
1.82E+18	1620	1145	175.40351	6.2570786	62.29892	2.605595	27.30652	2.74232
1.82E+18	1620	1145	175.34844	7.9025379	-0.1378487	2.516922	6.489103	3.236558
1.82E+18	1620	1145	174.82336	6.9330611	49.55662	3.514841	19.0896	3.551208
1.82E+18	1620	1145	174.97431	6.2319881	8.542039	2.265871	11.03444	3.029312
1.82E+18	1620	1145	175.4742	8.3750328	10.846	6.132181	10.31291	6.853621
1.82E+18	1620	1145	175.7099	7.6431566	5.849633	3.497573	8.738482	2.819309
1.82E+18	1620	1145	176.82848	7.9024519	26.8051	2.687406	121.0427	3.865316
1.82E+18	1620	1145	175.56562	8.221356	5.576308	4.911948	-0.1501124	2.407094
1.82E+18	1620	1145	175.65052	6.407987	110.0639	2.868416	162.767	3.741912
1.82E+18	1620	1145	175.25199	8.0727769	45.37742	2.452844	13.42492	3.184381
1.82E+18	1620	1145	176.11408	6.8068202	10.01654	1.824405	5.45203	2.650828
1.82E+18	1620	1145	175.82881	7.4618078	3.91551	2.069993	3.685616	1.798471
1.82E+18	1620	1145	176.14615	7.3140054	0.1189955	1.642573	6.376075	2.536686
1.82E+18	1620	1145	177.01596	6.685667	2.912102	1.954209	3.986311	1.369538
1.82E+18	1620	1145	176.47187	8.47275	4.82287	2.407771	0.1389573	1.241401
1.82E+18	1620	1145	174.26659	7.2193245	-2.92118	3.652299	6.587697	2.48997
1.82E+18	1620	1145	175.1739	8.018459	49.46701	3.045226	15.43023	3.723345
1.82E+18	1620	1145	174.36633	7.3320985	4.429516	2.933878	6.53154	1.959136
1.82E+18	1620	1145	175.31081	6.2442942	8.014567	2.466397	2.516368	1.506064
1.82E+18	1620	1145	175.53245	8.4447356	43.06362	3.474911	15.41703	4.048669
1.82E+18	1620	1145	175.38544	7.8341705	0	0	0	0
1.82E+18	1620	1145	175.11207	6.2067218	15.31988	3.230417	18.54539	3.639322
1.82E+18	1620	1145	175.4468	7.6026387	7.00836	3.589979	26.886	4.103619
1.82E+18	1620	1145	175.72578	8.535052	51.1272	2.155135	24.11568	2.176014
1.82E+18	1620	1145	176.16396	7.9061743	105.984	15.8326	1.575994	4.737205
1.82E+18	1620	1145	175.90115	7.6047245	0	0	0	0
1.82E+18	1620	1145	176.6796	8.1134835	-0.0558231	1.845751	-7.37403	4.968689
1.82E+18	1620	1145	174.93276	8.3684507	0	0	0	0
1.82E+18	1620	1145	176.13409	8.5593051	25.593	3.969193	40.72837	4.890136
1.82E+18	1620	1145	176.55081	6.786766	28.15152	3.347297	328.4748	6.603532
1.82E+18	1620	1145	176.49114	6.6241149	58.6491	3.336331	40.76388	4.471341
1.82E+18	1620	1145	175.13082	8.2323935	5.774897	1.818702	10.41795	4.393307
1.82E+18	1620	1145	175.5796	7.7502954	53.46135	2.634784	23.28963	3.15522
1.82E+18	1620	1145	175.26605	7.2135857	6.197814	1.960789	7.904267	2.281345
1.82E+18	1620	1145	175.39483	7.7528442	11.03709	3.293375	11.05555	3.337135
1.82E+18	1620	1145	175.45533	7.813203	9.893101	8.392759	5.227012	8.747183
1.82E+18	1620	1145	175.05157	7.1516929	3.336949	1.402274	5.289884	1.195474
1.82E+18	1620	1145	175.19474	8.0203703	29.0315	5.345338	52.42653	6.386178
1.82E+18	1620	1145	175.7645	7.8473413	15.1067	1.826229	10.26191	2.813223
1.82E+18	1620	1145	175.62892	7.829335	1.27091	1.008397	-0.7740451	0.9075104
1.82E+18	1620	1145	176.86082	7.3444266	2.620223	2.393734	-5.310927	2.746217
1.82E+18	1620	1145	175.87106	7.5740041	23.25795	2.31471	5.458128	2.697415
1.82E+18	1620	1145	175.67615	8.5603953	-6.276258	3.973993	4.68111	6.677943
1.82E+18	1620	1145	174.31396	7.0757638	21.90705	2.481327	6.739128	2.30192
1.82E+18	1620	1145	176.36823	7.5162866	23.18259	12.23205	19.58392	6.934408
1.82E+18	1620	1145	175.24827	8.3682681	6.035087	2.958921	6.161147	2.397635
1.82E+18	1620	1145	176.01737	7.7801956	123.2133	3.308404	43.32076	3.370616
1.82E+18	1620	1145	176.07927	7.7707586	22.25157	2.392764	12.56798	2.840621
1.82E+18	1620	1145	175.41488	7.9497512	3.998653	1.605012	13.66373	6.02934
1.82E+18	1620	1145	176.28236	8.319528	133.4065	3.054204	42.30995	2.718705
1.82E+18	1620	1145	175.77825	7.4835828	-6.764117	3.208338	-3.255583	41.10326
1.82E+18	1620	1145	174.88447	6.1900184	13.5491	1.678409	5.235878	1.505291
1.82E+18	1620	1145	174.92239	8.06719	9.260343	2.400199	5.101307	1.776276
1.82E+18	1620	1145	175.49222	8.1579235	32.09461	2.144883	-0.4235941	1.916496
1.82E+18	1620	1145	176.24499	7.2330954	6.864498	3.248616	6.989566	3.961238
1.82E+18	1620	1145	176.73929	7.9550137	8.745991	2.54092	13.5717	4.287212
1.82E+18	1620	1145	176.63949	7.5297117	67.95866	2.391304	83.87418	2.855109
1.82E+18	1620	1145	175.41612	7.5178914	4.989754	1.603275	5.519234	1.665973
1.82E+18	1620	1145	175.01787	6.199595	142.864	3.549216	113.1736	3.58486
1.82E+18	1620	1145	175.50954	8.564972	15.6933	1.730598	8.144613	1.927716
1.82E+18	1620	1145	174.55239	6.6004367	-0.7130606	1.303232	1.553511	1.012569
1.82E+18	1620	1145	175.69377	7.2351003	7.723656	3.980988	5.200158	2.236093
1.82E+18	1620	1145	176.77259	8.2531455	8.163561	3.504994	12.64113	3.538951
1.82E+18	1620	1145	175.63693	6.6550209	76.73244	3.522993	19.81894	3.284717
1.82E+18	1620	1145	176.42444	8.2569124	6.787652	2.048422	4.118197	2.628943
1.82E+18	1620	1145	175.99266	7.4230772	14.42921	2.465898	7.603827	2.477646
1.82E+18	1620	1145	176.8801	6.9672036	5.919781	2.220762	13.38222	3.416523
1.82E+18	1620	1145	176.32012	7.4858868	3.392612	1.927693	6.065658	1.744017
1.82E+18	1620	1145	174.47431	6.8138989	7.201582	3.02601	10.67833	3.948215
1.82E+18	1620	1145	176.75751	7.1692506	113.1771	3.857947	259.376	5.675385
1.82E+18	1620	1145	176.6691	8.1585243	44.68746	2.846962	43.95509	7.579486
1.82E+18	1620	1145	175.54695	8.2887304	0.3063144	1.863604	4.981908	2.844207
1.82E+18	1620	1145	176.09294	8.1194405	-0.6949439	4.540151	1.563635	1.42264
1.82E+18	1620	1145	175.36552	6.5398458	9.864849	1.768069	2.802364	1.703367
1.82E+18	1620	1145	175.98587	7.3479749	35.38663	2.023648	7.674948	2.520703
1.82E+18	1620	1145	175.80434	8.2829721	9.379651	2.006372	3.438856	1.860197
1.82E+18	1620	1145	175.4348	6.8292002	3.806967	2.209205	1.580626	2.854791
1.82E+18	1620	1145	175.4943	7.3562299	8.789215	1.932976	1.757465	2.028406
1.82E+18	1620	1145	175.51808	7.5387884	7.470883	6.942113	7.689446	2.880454
1.82E+18	1620	1145	175.73329	8.2173276	4.919739	1.86106	2.884956	5.072518
1.82E+18	1620	1145	174.95447	6.4898435	9.140722	3.589651	14.65729	4.294319
1.82E+18	1620	1145	175.26898	6.7161517	1.347415	1.375291	8.184403	27.56394
1.82E+18	1620	1145	176.90706	7.032819	2.838706	2.122721	-7.780598	2.409383
1.82E+18	1620	1145	176.55421	6.3419602	13.76722	3.367115	11.13386	3.197468
1.82E+18	1620	1145	175.39774	7.090156	11.71895	2.095772	5.317705	1.7485
1.82E+18	1620	1145	175.33612	8.6046446	4.235591	3.979665	-6.015384	2.777879
1.82E+18	1620	1145	176.02344	6.570413	1.761186	3.662213	1.293675	1.099095
1.82E+18	1620	1145	174.76744	7.3657917	14.36196	6.278756	10.86719	6.949689
1.82E+18	1620	1145	175.06758	7.2653833	24.33613	2.929627	14.6326	3.436557
1.82E+18	1620	1145	175.91201	6.2804016	12.57004	3.879925	17.61636	4.596505
1.82E+18	1620	1145	175.20159	6.2383759	0.2307629	1.015951	3.368094	3.990678
1.82E+18	1620	1145	175.14715	6.4704895	-5.89345	8.984198	5.913059	4.326205
1.82E+18	1620	1145	174.63906	6.9481513	35.17233	3.022358	20.82029	3.549851
1.82E+18	1620	1145	174.70496	7.0511129	125.82	4.160296	30.28495	4.069225
1.82E+18	1620	1145	175.59255	8.4115212	14.70649	2.809561	17.67696	5.624862
1.82E+18	1620	1145	175.46253	7.4192497	10.89931	1.750691	3.257473	1.506448
1.82E+18	1620	1145	175.72167	6.879298	29.05522	2.615684	37.35633	3.087059
1.82E+18	1620	1145	175.57794	8.0224786	11.91039	1.913489	6.704231	2.20231
1.82E+18	1620	1145	174.93084	6.3074914	4.602303	2.092252	10.51913	3.875946
1.82E+18	1620	1145	175.26586	6.4727208	15.58774	2.809428	9.841664	2.584448
1.82E+18	1620	1145	176.13201	6.3999432	8.037837	2.577392	39.4771	3.619368
1.82E+18	1620	1145	175.85026	8.4584838	77.60986	2.859141	21.51161	4.303226
1.82E+18	1620	1145	176.54638	6.2700391	13.64465	2.755088	9.746452	3.643923
1.82E+18	1620	1145	176.16205	7.3478203	22.61867	4.283905	39.51913	5.362262
1.82E+18	1620	1145	177.05525	6.8196658	59.58527	2.61824	25.63847	2.567595
1.82E+18	1620	1145	176.49087	6.6467346	162.0271	3.848807	233.876	4.881781
1.82E+18	1620	1145	175.89916	8.5307903	108.4009	2.295041	68.10914	2.217234
1.82E+18	1620	1145	175.19257	8.2171514	16.85849	3.444257	8.778245	2.759485
1.82E+18	1620	1145	175.13032	7.1222394	3.070208	2.605843	2.934296	1.724642
1.82E+18	1620	1145	176.67813	7.2309024	27.31744	2.052706	6.1749	2.017918
1.82E+18	1620	1145	175.32302	7.2385971	13.89008	3.044471	43.38621	3.923738
1.82E+18	1620	1145	175.39388	7.9735874	1.3665	1.4814	3.445851	1.992166
1.82E+18	1620	1145	175.45444	7.8934307	0	0	0	0
1.82E+18	1620	1145	175.70933	8.2276201	-0.3959875	1.986567	4.280126	2.319323
1.82E+18	1620	1145	176.79992	6.9115966	9.544289	6.844028	2.333129	1.85192
1.82E+18	1620	1145	175.55968	7.0805978	37.79047	2.379108	5.360688	2.108863
1.82E+18	1620	1145	175.64521	8.6050758	-1.339823	1.07614	3.676348	3.509526
1.82E+18	1620	1145	175.82503	7.9537835	82.37178	3.143674	225.9209	4.784381
1.82E+18	1620	1145	176.46702	8.1758432	37.52365	2.802722	12.20972	3.359991
1.82E+18	1620	1145	175.25081	6.6417728	5.161466	3.327564	4.295726	1.510742
1.82E+18	1620	1145	176.2091	7.628273	6.266506	3.19942	14.4692	6.748891
1.82E+18	1620	1145	175.38251	6.7301937	11.72158	4.507424	11.87651	3.496822
1.82E+18	1620	1145	177.01335	6.9394034	67.60144	2.606114	23.33369	2.799887
1.82E+18	1620	1145	174.35637	7.1524134	67.5046	3.040883	28.7054	3.436407
1.82E+18	1620	1145	176.82176	6.4391251	-29.35071	9.112828	30.4902	29.10205
1.82E+18	1620	1145	176.11096	7.1905674	3.472584	6.26266	4.644204	2.165587
1.82E+18	1620	1145	175.44411	8.3236961	2.81911	1.777232	4.827265	2.49719
1.82E+18	1620	1145	175.17268	6.7886965	0.9411183	1.717992	-1.716209	1.375026
1.82E+18	1620	1145	175.10897	6.3910392	62.8205	2.669523	8.019598	2.612351
1.82E+18	1620	1145	175.30188	6.7642454	11.18859	2.672998	14.91957	21.83103
1.82E+18	1620	1145	175.53238	7.8964849	2.839098	2.172964	9.228689	3.061713
1.82E+18	1620	1145	174.58889	7.977024	0.7885264	2.425734	4.604096	3.229157
1.82E+18	1620	1145	175.70768	8.4359357	6.771339	3.778177	1.751931	1.340175
1.82E+18	1620	1145	176.78778	7.0783082	84.70592	3.645841	12.85664	3.800503
1.82E+18	1620	1145	177.00403	7.4368229	1.600194	4.868535	18.38227	4.533734
1.82E+18	1620	1145	176.40958	8.1766483	6.639682	2.498968	3.134859	1.820725
1.82E+18	1620	1145	175.10569	8.569075	6.708611	2.26872	2.858098	1.769162
1.82E+18	1620	1145	175.55383	6.777174	10.65275	2.424538	14.9078	2.942762
1.82E+18	1620	1145	176.19343	6.5960082	6.732794	2.922307	9.49564	3.333813
1.82E+18	1620	1145	176.10739	6.5774093	37.60287	3.08265	6.155527	3.594366
1.82E+18	1620	1145	175.81727	6.3039203	5.673774	2.955905	1.024272	4.965028
1.82E+18	1620	1145	175.64302	7.8492956	8.081991	2.32567	1.197688	1.588878
1.82E+18	1620	1145	177.0822	6.8973323	14.11028	2.193375	5.815778	1.805879
1.82E+18	1620	1145	175.3786	8.5587066	4.06866	1.598366	2.661412	1.781282
1.82E+18	1620	1145	176.13854	6.9859315	5.931344	1.910297	5.906994	2.283994
1.82E+18	1620	1145	175.44293	7.6776506	5.652002	2.165555	5.729535	2.48009
1.82E+18	1620	1145	174.39585	6.9410325	0.8242977	1.362969	3.357959	2.231052
1.82E+18	1620	1145	175.29778	7.2187113	15.93345	4.632597	-0.7853979	1.721299
1.82E+18	1620	1145	176.81791	7.9341743	29.08636	7.851424	2.200158	3.137842
1.82E+18	1620	1145	175.52967	7.8530631	3.901879	1.810426	3.911321	1.87239
